=====
GREAT
=====

Principal
F0 41 10 30 12 01 00 08 00 00 00 00 00 00 00 00 00 00 00 00 00 00 00 00 00 00 00 00 00 00 00 00 00 00 00 00 00 00 00 00 00 00 00 00 00 00 00 00 00 00 77 F7 

Rohrflote
F0 41 10 30 12 01 00 00 01 00 00 00 00 00 00 00 00 00 00 00 00 00 00 00 00 00 00 00 00 00 00 00 00 00 00 00 00 00 00 00 00 00 00 00 00 00 00 00 00 00 7E F7 

Gemshorn
F0 41 10 30 12 01 00 00 02 00 00 00 00 00 00 00 00 00 00 00 00 00 00 00 00 00 00 00 00 00 00 00 00 00 00 00 00 00 00 00 00 00 00 00 00 00 00 00 00 00 7D F7 

Flute II
F0 41 10 30 12 01 00 00 08 00 00 00 00 00 00 00 00 00 00 00 00 00 00 00 00 00 00 00 00 00 00 00 00 00 00 00 00 00 00 00 00 00 00 00 00 00 00 00 00 00 77 F7 

Octave
F0 41 10 30 12 01 00 00 20 00 00 00 00 00 00 00 00 00 00 00 00 00 00 00 00 00 00 00 00 00 00 00 00 00 00 00 00 00 00 00 00 00 00 00 00 00 00 00 00 00 5F F7 

Spitzflote
F0 41 10 30 12 01 00 00 10 00 00 00 00 00 00 00 00 00 00 00 00 00 00 00 00 00 00 00 00 00 00 00 00 00 00 00 00 00 00 00 00 00 00 00 00 00 00 00 00 00 6F F7 

Super Octave
F0 41 10 30 12 01 00 00 00 02 00 00 00 00 00 00 00 00 00 00 00 00 00 00 00 00 00 00 00 00 00 00 00 00 00 00 00 00 00 00 00 00 00 00 00 00 00 00 00 00 7D F7 

Fourniture
F0 41 10 30 12 01 00 00 00 40 00 00 00 00 00 00 00 00 00 00 00 00 00 00 00 00 00 00 00 00 00 00 00 00 00 00 00 00 00 00 00 00 00 00 00 00 00 00 00 00 3F F7 

Cromorne
F0 41 10 30 12 01 00 00 00 00 04 00 00 00 00 00 00 00 00 00 00 00 00 00 00 00 00 00 00 00 00 00 00 00 00 00 00 00 00 00 00 00 00 00 00 00 00 00 00 00 7B F7 

Chimes
F0 41 10 30 12 01 00 00 00 00 00 02 00 00 00 00 00 00 00 00 00 00 00 00 00 00 00 00 00 00 00 00 00 00 00 00 00 00 00 00 00 00 00 00 00 00 00 00 00 00 7D F7 

Tremulant
F0 41 10 30 12 01 00 00 00 00 00 10 00 00 00 00 00 00 00 00 00 00 00 00 00 00 00 00 00 00 00 00 00 00 00 00 00 00 00 00 00 00 00 00 00 00 00 00 00 00 6F F7 

ALL STOPS ON THE GREAT
F0 41 10 30 12 01 00 08 3B 42 04 12 00 00 00 00 00 00 00 00 00 00 00 00 00 00 00 00 00 00 00 00 00 00 00 00 00 00 00 00 00 00 00 00 00 00 00 00 00 00 64 F7 

Piston 1
F0 41 10 30 12 01 00 00 00 00 00 02 00 00 00 00 00 00 00 00 00 00 00 00 00 00 00 00 00 00 00 00 00 00 00 00 00 00 00 00 00 00 00 00 00 00 00 00 00 00 7D F7

Piston 2
F0 41 10 30 12 01 00 48 00 00 00 00 00 00 00 00 00 00 00 00 00 00 00 00 00 00 00 00 00 00 00 00 00 00 00 00 00 00 00 00 00 00 00 00 00 00 00 00 00 00 37 F7

Piston 3
F0 41 10 30 12 01 00 48 00 02 00 00 00 00 00 00 00 00 00 00 00 00 00 00 00 00 00 00 00 00 00 00 00 00 00 00 00 00 00 00 00 00 00 00 00 00 00 00 00 00 35 F7

Piston 4
F0 41 10 30 12 01 00 48 00 42 00 00 00 00 00 00 00 00 00 00 00 00 00 00 00 00 00 00 00 00 00 00 00 00 00 00 00 00 00 00 00 00 00 00 00 00 00 00 00 00 75 F7

Piston 5
F0 41 10 30 12 01 00 08 20 42 00 00 00 00 00 00 00 00 00 00 00 00 00 00 00 00 00 00 00 00 00 00 00 00 00 00 00 00 00 00 00 00 00 00 00 00 00 00 00 00 15 F7


=====
SWELL
=====

Piston 1
F0 41 10 30 12 01 00 00 00 00 00 00 00 00 00 04 00 00 00 00 00 00 00 00 00 00 00 00 00 00 00 00 00 00 00 00 00 00 00 00 00 00 00 00 00 00 00 00 00 00 7B F7

Piston 2
F0 41 10 30 12 01 00 00 00 00 00 00 00 00 00 10 70 02 00 00 00 00 00 00 00 00 00 00 00 00 00 00 00 00 00 00 00 00 00 00 00 00 00 00 00 00 00 00 00 00 7D F7

Piston 3
F0 41 10 30 12 01 00 00 00 00 00 00 00 00 00 10 12 00 00 00 00 00 00 00 00 00 00 00 00 00 00 00 00 00 00 00 00 00 00 00 00 00 00 00 00 00 00 00 00 00 5D F7

Piston 4
F0 41 10 30 12 01 00 00 00 00 00 00 00 00 00 00 4A 10 00 00 00 00 00 00 00 00 00 00 00 00 00 00 00 00 00 00 00 00 00 00 00 00 00 00 00 00 00 00 00 00 25 F7

Piston 5
F0 41 10 30 12 01 00 00 00 00 00 00 00 00 00 20 4A 18 02 00 00 00 00 00 00 00 00 00 00 00 00 00 00 00 00 00 00 00 00 00 00 00 00 00 00 00 00 00 00 00 7B F7


====
MISC
====

Piston 0 (General Cancel)
F0 41 10 30 12 01 00 00 00 00 00 00 00 00 00 00 00 00 00 00 00 00 00 00 00 00 00 00 00 00 00 00 00 00 00 00 00 00 00 00 00 00 00 00 00 00 00 00 00 00 7F F7

Tutti
F0 41 10 30 12 01 00 08 60 42 04 00 00 00 00 30 4A 18 02 00 00 00 00 00 00 00 00 00 31 54 04 0A 00 40 00 00 00 00 00 00 00 00 00 00 00 00 00 00 00 00 6A F7

Note on (C4, Swell - Channel 13, Velocity 64)
9C 48 40

Note off (C4, Swell)
9C 48 00

Note on (C4, Great - Channel 12, Velocity 64)
9B 48 40

Note off (C4, Great)
9B 48 00

Note on (C2, Pedalboard - Channel 14, Velocity 64)
9D 30 40

Note off (C2, Pedalboard)
9D 30 00
